newpoint	0	1	0	0	8370.0	19113.0	298.0	8405	19607
newpoint	1	1	1	0	12596.0	15239.0	298.0	12475	15197
newpoint	2	1	0	0	12508.0	24865.0	298.0	12323	24784
newpoint	3	1	0	0	16465.0	24555.0	132.0	16699	24370
newpoint	4	1	1	0	12833.0	20869.0	298.0	12739	20869
point	4	2	1	1	12603.0	20753.879194630874	504.49999999999994	12603	20538
point	3	2	0	1	16568.547864687825	24473.1352351827	132.0	16699	24370
point	2	2	0	1	12360.110149823424	24695.414481066666	298.0	12385	24636
point	1	2	1	1	12373.511523566147	15091.189500912964	504.5	12415	14998
point	0	2	0	1	8391.060567089882	19410.254861211473	298.0	8405	19607
newpoint	5	1	2	1	14361.0	23647.0	198.0	14398	23668
newpoint	6	1	2	1	5215.0	16557.0	252.24999999999997	5392	16202
newpoint	7	1	0	1	8947.0	10209.0	298.0	8914	10255
newpoint	8	1	0	1	8335.0	23622.0	198.00000000000003	8368	23574
newpoint	9	1	0	1	15740.0	11786.0	198.0	15803	11915
point	9	2	0	2	15741.581467028742	12004.750081183158	448.0	15703	12062
point	8	2	0	2	8383.32771619705	23435.09257196423	198.0	8384	23429
point	7	2	0	2	8709.679105553703	10373.370540576327	672.0	8727	10405
point	6	2	2	2	5327.5551957489315	16331.253703441409	252.24999999999997	5392	16202
point	5	2	2	2	14510.460846012993	23677.238806887188	198.0	14559	23576
point	4	3	1	2	12658.001074741218	20258.1975280952	504.49999999999994	12662	20249
point	3	3	0	2	16672.09572937565	24391.2704703654	132.0	16699	24370
point	2	3	0	2	12422.634561638612	24442.56644937247	298.0	12184	24344
point	1	3	1	2	12576.171756586487	14629.250516713508	504.50000000000006	12587	14582
point	0	3	0	2	8626.155247205681	19658.610780973064	672.0	8843	19730
newpoint	10	1	2	2	15608.0	11318.0	132.0	15779	11295
newpoint	11	1	0	2	7980.0	18219.0	298.0	7740	18076
newpoint	12	1	2	2	14144.0	22678.0	198.0	14271	22741
newpoint	13	1	2	2	10389.0	7900.0	252.25	10302	7934
newpoint	14	1	0	2	11287.0	8526.0	198.0	11310	8463
point	14	2	0	3	11353.88717668377	8339.641449321298	197.99999999999997	11384	8255
point	13	2	2	3	10187.718158875668	8000.442532670157	252.25	10192	8061
point	12	2	2	3	14333.223229130112	22776.50384250365	252.25	14611	22935
point	11	2	0	3	7730.654251889272	18059.8866411884	298.0	7682	17976
point	10	2	2	3	15738.821951790229	11300.404064963888	132.0	15779	11295
point	9	3	0	3	15366.33939801291	12231.161541503581	448.00000000000006	15205	12345
point	8	3	0	3	8525.662496430852	23364.214640435406	198.0	8557	23364
point	7	3	0	3	9059.834484618814	10946.73569501074	672.0	9097	11009
point	6	3	2	3	5433.127465223261	16102.330737431917	252.25	5503	15933
point	5	3	2	3	14632.449765743444	23620.205877530778	198.00000000000003	14667	23641
point	4	4	1	3	12534.773660761299	19927.21835622196	504.5	12517	19916
point	3	4	0	3	16745.039221039355	24283.824022157103	132.0	16777	24224
point	2	4	0	3	12144.256577084896	24341.68933587703	298.0	12098	24339
point	1	4	1	3	12685.873364635434	14136.82946233396	504.49999999999994	12692	14109
point	0	4	0	3	9195.72475347041	20295.184692695275	1009.0	9356	20552
newpoint	15	1	0	3	19670.0	16211.0	132.0	19739	16194
newpoint	16	1	1	3	11291.0	5173.0	298.0	11199	5313
newpoint	17	1	0	3	8219.0	11868.0	298.0	8368	11785
newpoint	18	1	0	3	14984.0	17545.0	132.0	14877	17601
newpoint	19	1	1	3	9072.0	19147.0	298.0	8994	19037
point	19	2	1	4	8839.35260042528	19088.987849218734	298.0	8759	19116
point	18	2	0	4	14866.854724303746	17605.81900595572	132.0	14757	17658
point	17	2	0	4	8460.437893742617	11701.160992878577	298.0	8562	11641
point	16	2	1	4	11105.027662741315	5403.517471918291	298.0	11063	5444
point	15	2	0	4	19747.617743402203	16254.324203815428	132.0	19768	16397
point	14	3	0	4	11433.598790308206	8158.880964988927	198.0	11529	7974
point	13	3	2	4	10324.128118255096	8199.67316436061	252.25	10515	8400
point	12	3	2	4	14552.31682765364	22901.51607224943	252.25	14611	22935
point	11	3	0	4	8026.170650841043	17699.720743911952	672.0	8027	17699
point	10	3	2	4	15869.102599935564	11310.699695443318	132.0	15911	11318
point	9	4	0	4	15008.188222276436	12500.03637369548	448.0	14972	12528
point	8	4	0	4	8604.715580630153	22800.376333164637	672.0	8605	22797
point	7	4	0	4	9406.55224528011	11522.383095314282	672.0	9463	11616
point	6	4	2	4	5564.937741270589	15963.56667751016	252.25	5657	16009
point	5	4	2	4	14761.701500665898	23552.414622141714	252.25	14741	23288
point	4	5	1	4	12306.620222469654	19494.189286360317	504.5	12201	19289
point	3	5	0	4	16809.751250778183	24168.812853019437	132.0	16904	24010
point	2	5	0	4	11865.212497613184	24243.36837739785	298.0	11728	24187
point	1	5	1	4	12856.021995020592	13665.183119963393	504.5	12900	13587
point	0	5	0	4	10021.050043208186	20775.266190064685	1009.0	10364	20772
newpoint	20	1	0	4	13245.0	26518.0	198.0	13180	26380
newpoint	21	1	0	4	17594.0	12797.0	132.0	17535	12744
newpoint	22	1	2	4	5905.0	18203.0	252.25	5964	17995
newpoint	23	1	1	4	16054.0	8642.0	298.0	16044	8756
newpoint	24	1	0	4	8027.0	7885.0	298.0	7998	7924
point	24	2	0	5	7851.164088048826	8125.588408688388	298.0	7817	8172
point	23	2	1	5	15861.925076482177	8732.680059056831	298.0	15841	8730
point	22	2	2	5	5977.700803254692	17961.661378746914	252.25	6024	17849
point	21	2	0	5	17515.570903569303	12695.022486080956	132.0	17487	12623
point	20	2	0	5	13240.778695822253	26348.586292046926	298.0	13269	26334
point	19	3	1	5	8685.917978255582	18915.778820434236	298.0	8679	18894
point	18	3	0	5	14747.337666534497	17661.79829660368	132.0	14612	17715
point	17	3	0	5	8470.377235552138	11486.113898195283	298.0	8436	11428
point	16	3	1	5	11189.315699519599	5644.052358861007	298.0	11249	5825
point	15	3	0	5	19766.28536242553	16384.997536978703	132.0	19768	16397
point	14	4	0	5	11524.394137828429	7982.925843242836	198.0	11529	7974
point	13	4	2	5	10498.133987047753	8382.298518913896	252.25	10515	8400
point	12	4	2	5	14718.293617850743	23029.147243498468	252.25000000000003	14741	23288
point	11	4	0	5	8676.811779543374	17751.94641986091	672.0	8720	17736
point	10	4	2	5	15992.94868139778	11282.089903657154	132.0	16089	11240
point	9	5	0	5	14660.156736896386	12781.508341007035	448.0	14631	12806
point	8	5	0	5	8654.0	22130.586617651774	672.0000000000001	8654	22068
point	7	5	0	5	9752.350136145631	12098.583560242718	672.0	9935	12403
point	6	5	2	5	5802.276839218766	16044.650758090494	252.25	5820	16049
point	5	5	2	5	14742.012640658699	23300.93418295883	252.25	14741	23288
point	4	6	1	5	12076.80325937234	19045.075624153436	504.5	12063	19018
point	3	6	0	5	16877.117853185482	24055.297475734696	132.0	16904	24010
point	2	6	0	5	11786.449811358389	24049.225444655225	298.0	11798	24022
point	1	6	1	5	13094.426940231508	13220.592926823054	504.5	13099	13212
point	0	6	0	5	11000.210116736695	20969.07518767601	1009.0	11552	21140
newpoint	25	1	0	5	15277.0	11710.0	298.0	14774	11913
newpoint	26	1	1	5	15935.0	7187.0	298.0	15607	7318
newpoint	27	1	1	5	11808.0	4514.0	298.0	11683	4475
newpoint	28	1	3	5	7636.0	20290.0	126.12499999999999	7646	20142
newpoint	29	1	1	5	12422.0	15799.0	298.0	12389	15953
point	29	2	1	6	12394.956926221264	16078.265621635537	298.0	12371	16226
point	28	2	3	6	7644.502572839282	20164.16192197863	126.12499999999999	7646	20142
point	27	2	1	6	11520.561335706272	4514.001152496843	298.0	11234	4581
point	26	2	1	6	15658.255795921285	7297.528935165585	298.0	15607	7318
point	25	2	0	6	15000.65626084489	11821.526399698781	298.0	14774	11913
point	24	3	0	6	7734.158622253354	8372.282569843506	298.0	8080	8640
point	23	3	1	6	15788.978233004245	8458.026551495877	298.0	15784	8432
point	22	3	2	6	6146.672522472713	17893.13085849326	252.25	6304	17932
point	21	3	0	6	17470.490133296385	12571.0424783151	132.0	17453	12516
point	20	3	0	6	13507.724603860052	26216.158229068307	298.0	13590	26176
point	19	4	1	6	8665.345394540223	18620.96452833959	298.0	8695	18423
point	18	4	0	6	14624.48877006571	17710.090621422445	132.0	14612	17715
point	17	4	0	6	8728.760503994798	11242.666844480913	448.00000000000006	8878	11148
point	16	4	1	6	11292.46951883102	5923.278912139698	298.0	11433	6241
point	15	4	0	6	19655.137688036702	16425.203921822496	132.0	19647	16426
point	14	5	0	6	11194.421581048711	7722.416953045029	448.0	11042	7561
point	13	5	2	6	10671.897094669202	8565.154836493897	252.25	10705	8600
point	12	5	2	6	14740.336168211812	23280.43231761466	252.25000000000003	14741	23288
point	11	5	0	6	8913.266811414476	17455.58433699232	672.0	9042	17545
point	10	5	2	6	16113.678638686904	11228.727041587463	132.0	16170	11203
point	9	6	0	6	14371.875157478436	12731.867046431254	298.0	13699	12501
point	8	6	0	6	8491.729354596013	21482.24865764511	672.0	8455	21316
point	7	6	0	6	10098.091283792928	12674.818806321548	672.0	10277	12973
point	6	6	2	6	6051.817444745726	16061.973630814655	252.25000000000003	6206	16057
point	5	6	2	6	14720.091145683742	23049.639060794667	252.25000000000003	14711	22946
point	4	7	1	6	11700.651647351619	18805.296009175945	448.0	11570	18739
point	3	7	0	6	16977.722128956044	24039.28687314692	132.0	17050	24068
point	2	7	0	6	11814.571820234325	23811.956137187026	298.0	11705	23768
point	1	7	1	6	13033.218116867676	12886.41649778614	504.50000000000006	12284	12624
point	0	7	0	6	11896.73238376131	21399.261544812223	1009.0	12036	21504
newpoint	30	1	0	6	13996.0	26992.0	298.0	14055	27113
newpoint	31	1	0	6	11548.0	18431.0	198.00000000000003	11505	18470
newpoint	32	1	0	6	15258.0	7316.0	298.0	15607	7318
newpoint	33	1	0	6	8642.0	8525.0	298.0	8650	8531
newpoint	34	1	0	6	10375.0	21345.0	298.0	10380	21395
point	34	2	0	7	10416.072793525293	21639.16469640469	298.0	10421	21718
point	33	2	0	7	8882.214378838113	8701.353991032878	298.0	8894	8710
point	32	2	0	7	15555.99510689304	7317.707708348958	298.0	15607	7318
point	31	2	0	7	11391.47291929874	18521.537285023474	198.0	11357	18569
point	30	2	0	7	14127.38825890204	27259.462815654966	298.0	14242	27488
point	29	3	1	7	12447.460409134856	16353.111397464698	298.0	12608	16620
point	28	3	3	7	7747.483575638961	20119.66390201248	126.12499999999999	7855	20096
point	27	3	1	7	11231.081190061705	4583.291108876296	298.0	11141	4654
point	26	3	1	7	15680.970956160196	7549.265518110039	298.0	15694	7590
point	25	3	0	7	14755.04977696066	11862.881646961749	298.0	14698	11712
point	24	4	0	7	7969.8044233152605	8554.697088020905	298.0	8080	8640
point	23	4	1	7	15652.67697645424	8587.462783932266	298.0	15653	8595
point	22	4	2	7	6394.078366638114	17927.470920113166	252.25	6483	17923
point	21	4	0	7	17447.76457142604	12442.243918353934	132.0	17390	12136
point	20	4	0	7	13498.233434549149	25991.069408710722	298.0	13393	25779
point	19	5	1	7	8708.808894436512	18326.156746027893	298.0	8733	18171
point	18	5	0	7	14524.156819149366	17792.540033550926	132.0	14517	17803
point	17	5	0	7	9106.201142342223	11024.259818037513	672.0	9463	11616
point	16	5	1	7	11413.012311234776	6195.810442791667	298.0	11433	6241
point	15	5	0	7	19528.27160514629	16461.154217470652	132.0	19468	16479
point	14	6	0	7	10882.734019503987	7400.667506241738	448.0	10594	7110
point	13	6	2	7	10676.275264527396	8802.157100590215	252.25	10652	8973
point	12	6	2	7	14760.095911780618	23531.906873197895	252.25	14763	23569
point	11	6	0	7	9481.298574781233	17777.18827291683	672.0	9497	17782
point	10	6	2	7	16234.130052677609	11174.739298820037	132.0	16406	11099
point	9	7	0	7	14090.004733917322	12635.15580447109	298.0	13699	12501
point	8	7	0	7	8412.97354205133	20816.809392309864	672.0	8412	20773
point	7	7	0	7	10481.4100566379	13223.040283640872	672.0	10544	13292
point	6	7	2	7	6303.938933860487	16053.923384276633	252.25	6588	16045
point	5	7	2	7	14697.376719774998	22798.414464229158	252.25000000000003	14657	22361
point	4	8	1	7	11340.884431416402	18549.78528361186	448.0	11253	18445
point	3	8	0	7	17092.725284432447	24101.39447518858	132.0	17137	24136
point	2	8	0	7	11537.280017185041	23702.819722318356	298.0	11494	23686
point	1	8	1	7	12557.079268962458	12719.647053595989	504.50000000000006	12284	12624
point	0	8	0	7	12200.134580817752	22023.186019549732	672.0	12191	22043
newpoint	35	1	2	7	8369.0	13819.0	252.25	8413	13792
newpoint	36	1	1	7	4595.0	10578.0	298.0	4692	10676
newpoint	37	1	2	7	16240.0	13719.0	252.25	16202	13768
newpoint	38	1	3	7	12363.0	8856.0	126.12499999999999	12421	8808
newpoint	39	1	3	7	5405.0	15132.0	126.125	5889	15273
point	39	2	3	8	5526.091202343489	15167.276569277752	126.125	5889	15273
point	38	2	3	8	12467.567574850631	8787.602632503442	126.125	12542	8755
point	37	2	2	8	16033.65475247349	13856.518641858174	252.25	15844	13952
point	36	2	1	8	4803.578421813661	10755.19567909524	298.0	4809	10750
point	35	2	2	8	8334.883969949473	13607.237179806552	252.25	8248	13470
disappearpoint	34	2	0	8	10405.0	21795.0	0.0	10405	21795
point	33	3	0	8	8802.48424212444	8972.880992106117	448.0	8486	9239
point	32	3	0	8	15682.246474862106	7553.253346695323	298.0	15694	7590
point	31	3	0	8	11150.181294865039	18331.114003687315	448.0	10965	18126
point	30	3	0	8	14260.196679344699	27526.20674736699	298.0	14309	27623
point	29	4	1	8	12601.065985674139	16608.47256690131	298.0	12608	16620
point	28	4	3	8	7856.000248945251	20079.99601687599	126.125	7857	20064
point	27	4	1	8	10967.786488314865	4714.476829553739	298.0	10923	4731
disappearpoint	26	3	1	8	15681.0	7801.0	0.0	15681	7801
point	25	4	0	8	14597.611525196235	11642.655540017424	298.0	14444	11670
point	24	5	0	8	7983.956770947158	8766.270032105005	298.0	7883	8899
point	23	5	1	8	15571.485669962427	8767.271240437783	298.0	15339	8698
point	22	5	2	8	6632.740785487864	17968.35515214964	252.25	6831	18153
point	21	5	0	8	17423.29780972683	12312.531245218444	132.0	17390	12136
point	20	5	0	8	13365.605284062056	25724.210568124112	298.0	13348	25689
point	19	6	1	8	8729.191425564213	18030.082745875912	298.0	8728	17986
point	18	6	0	8	14519.282665482466	17922.28415816444	132.0	14524	18051
point	17	6	0	8	9453.19627425081	11599.740815492461	672.0	9463	11616
point	16	6	1	8	11675.323780298018	6296.451665972087	298.0	11870	6341
point	15	6	0	8	19403.352476725453	16503.521474345518	132.0	19352	16523
point	14	7	0	8	10568.728976815642	7113.222479466462	298.0	10445	7129
point	13	7	2	8	10641.81370595201	9052.035927810173	252.25	10614	9356
point	12	7	2	8	14717.720039018248	23779.210245911672	252.25	14675	23986
point	11	7	0	8	10149.098845260827	17849.40392376372	672.0	10254	17860
point	10	7	2	8	16354.921429238319	11121.50920067464	132.0	16406	11099
point	9	8	0	8	13808.134310356207	12538.444562510924	298.0	13699	12501
point	8	8	0	8	8639.525962076286	20201.660623640284	672.0	8802	19982
point	7	8	0	8	9888.525960150582	13862.795575371263	1008.9999999999999	9708	14020
point	6	8	2	8	6556.064563851831	16046.003207418267	252.25	6588	16045
point	5	8	2	8	14674.19067564125	22547.232319446874	252.25000000000003	14657	22361
point	4	9	1	8	11044.432383528112	18213.982397032873	448.0	10965	18126
point	3	9	0	8	17185.676075887197	24194.113274273488	132.0	17235	24253
point	2	9	0	8	11712.767044686321	23162.58991663567	672.0	11906	22694
point	1	9	1	8	12383.791431415832	12433.387153475378	504.5	12996	11264
point	0	9	0	8	11931.024488359824	22638.9438651444	672.0	11931	22639
newpoint	40	1	0	8	11231.0	9137.0	448.0	11015	9105
newpoint	41	1	0	8	14631.0	12806.0	448.0	14620	12817
newpoint	42	1	3	8	15081.0	16032.0	126.125	15182	15917
newpoint	43	1	0	8	11552.0	26405.0	298.0	11595	26227
newpoint	44	1	1	8	4845.0	19704.0	298.0	5109	19533
point	44	2	1	9	5095.115624312705	19541.993288797454	298.0	5109	19533
point	43	2	0	9	11490.173496855356	26189.72813682959	298.0	11251	26266
point	42	2	3	9	15164.22877136299	15937.23456725996	126.125	15182	15917
point	41	2	0	9	14303.141596978783	13111.292819423266	448.0	14283	13130
point	40	2	0	9	10787.814009905716	9071.500725321219	448.0	10642	9050
point	37	3	2	9	15804.889881240179	13944.018343110241	252.25	15795	13942
point	36	3	1	9	5011.261095669295	10895.691006285633	298.0	5168	10793
point	35	3	2	9	8324.563816844502	13423.032280423122	252.25	8486	13324
point	39	3	3	9	5647.18240468698	15202.553138555504	126.125	5889	15273
point	33	4	0	9	8468.167611009761	9268.534894265083	448.00000000000006	8422	9345
point	32	4	0	9	15671.717921683825	7848.112729191814	298.0	15651	7949
point	31	4	0	9	10948.726265924812	17965.80976657006	448.0	10955	17941
point	30	4	0	9	14393.21509479986	27792.869763869803	298.0	14426	27859
point	29	5	1	9	12157.672390518559	16746.728356769625	504.5	12094	16784
point	28	5	3	9	7865.623960258413	19954.240505802016	126.12499999999999	7868	19924
point	27	5	1	9	10971.437982269501	4976.5304618488535	298.0	10981	5025
point	38	3	3	9	12580.705316220972	8777.68932330195	126.125	12658	8823
point	25	5	0	9	14302.521311389015	11681.82765670914	298.0	14264	11685
point	24	6	0	9	7803.486399766726	9003.408045166121	298.0	7669	9180
point	23	6	1	9	15318.33977021861	8778.704022583557	448.0	15307	8823
point	22	6	2	9	6817.3337890392295	18140.272241294046	252.25	6831	18153
point	21	6	0	9	17398.831048027623	12182.818572082957	132.0	17390	12136
point	20	6	0	9	13233.059926803535	25457.310542000236	298.0	13222	25435
point	19	7	1	9	8757.086758158466	17614.03497005952	448.0	8834	17418
point	18	7	0	9	14513.232662541925	18052.360493902645	448.0	14247	18086
point	17	7	0	9	9798.82560114285	12176.042668571417	672.0	9935	12403
point	16	7	1	9	11936.279156582756	6413.583343712736	298.0	12259	6767
point	15	7	0	9	19279.85739913116	16550.13620766626	132.0	19134	16605
point	14	8	0	9	10271.892997456975	7121.506190366103	298.0	10214	7119
point	13	8	2	9	10618.828033789516	9303.236487871727	252.25	10614	9356
point	12	8	2	9	14650.04362003667	24006.65265907506	252.25	13935	23953
point	11	8	0	9	10817.456415349166	17917.467291235607	672.0	10866	17920
point	10	8	2	9	16475.054590766827	11066.826838392728	132.0	16494	11058
point	9	9	0	9	13526.26749861899	12441.722794729027	298.0	13428	12408
point	8	9	0	9	8786.487125481211	19537.55075163872	1009.0	8584	18848
point	7	9	0	9	9267.084091996077	14650.799401231889	1009.0	9160	14804
point	6	9	2	9	6808.211048411913	16038.782276280133	252.24999999999997	7013	16033
point	5	9	2	9	14651.258223443727	22296.027265284283	252.25	14638	22146
point	4	10	1	9	10808.632546740328	17917.006915482103	504.5	10751	17914
point	3	10	0	9	17268.996135806003	24296.470468735544	132.0	17479	24565
point	2	10	0	9	11972.870928222164	22543.01894915227	672.0	12191	22043
point	1	10	1	9	12617.784712759827	11986.43369472842	504.5	12996	11264
point	0	10	0	9	11672.869430172526	23259.341631831623	672.0	11666	23276
newpoint	45	1	1	9	9126.0	8151.0	298.0	9240	8243
newpoint	46	1	4	9	19824.0	22112.0	63.0625	19716	23280
newpoint	47	1	4	9	5185.0	17646.0	63.0625	5168	17808
newpoint	48	1	3	9	10988.0	27647.0	126.125	10907	27653
newpoint	49	1	2	9	8422.0	7045.0	252.25	8406	7003
point	49	2	2	10	8567.356462097361	6873.249470031484	252.24999999999997	8613	6813
point	48	2	3	10	10909.311522987735	27697.843545962063	126.125	10912	27750
point	47	2	4	10	5178.418469072465	17708.71811825063	63.0625	5168	17808
point	46	2	4	10	19818.193647505712	22174.79462697526	63.0625	19716	23280
point	45	2	1	10	9149.652334397457	8364.621857541884	298.0	9006	8558
point	44	3	1	10	5342.815242813569	19376.326520384642	298.0	5517	19259
point	43	3	0	10	11204.040551922402	26266.0	298.0	11089	26266
point	42	3	3	10	15228.33581607606	15829.292919570316	126.125	15238	15811
point	41	3	0	10	14002.585675605153	13442.699013434818	448.00000000000006	13947	13509
point	40	3	0	10	10683.365972147027	8752.254573380353	448.0	10705	8600
point	37	4	2	10	15623.428310232253	13925.632854496407	252.25	15583	13881
disappearpoint	36	3	1	10	5145.0	10751.0	0.0	5145	10751
point	35	4	2	10	8539.674128016892	13291.284341018276	252.25	8696	13196
point	39	4	3	10	5768.273607030469	15237.829707833256	126.125	5889	15273
point	33	5	0	10	8146.812507707505	9575.030781646843	448.0	8102	9613
point	32	5	0	10	15519.212713150271	8191.265626674681	448.0	15417	8409
point	31	5	0	10	11226.142821792664	17651.232780300037	448.0	11306	17613
point	30	5	0	10	14524.774337876968	28060.256847520483	298.0	14736	28489
point	29	6	1	10	11792.030371146024	16950.82781822852	448.0	11773	17015
point	28	6	3	10	7963.791293401312	19924.0	126.125	7987	19924
point	27	6	1	10	10924.053275401877	5266.796035580141	298.0	10916	5286
point	38	4	3	10	12694.235612681136	8818.425290356749	126.125	12697	8818
point	25	6	0	10	14008.447184321825	11717.0	298.0	13975	11717
point	24	7	0	10	7790.2313395610645	9301.231339561065	672.0	7971	9482
point	23	7	1	10	15122.51851102983	9180.480301232586	448.0	15099	9226
point	22	7	2	10	7006.851484721275	18306.731801108537	252.25	7149	18431
point	21	7	0	10	17256.77448775882	12046.774285419267	672.0	17342	11908
point	20	7	0	10	13100.959927546939	25190.18962789569	298.00000000000006	13089	25166
point	19	8	1	10	8654.611551520957	17251.279501767673	504.5	8752	16404
point	18	8	0	10	14069.257881626156	18111.54842367477	448.0	14032	18119
point	17	8	0	10	10144.566748790148	12752.277914650247	672.0	10277	12973
point	16	8	1	10	12137.223675243065	6633.640837155646	298.0	12259	6767
point	15	8	0	10	19156.308591289137	16596.608695019684	132.0	19134	16605
point	14	9	0	10	9999.29026505016	7011.64513252508	298.0	9924	6974
point	13	9	2	10	10628.458334280262	9554.740832225287	252.25	10673	10167
point	12	9	2	10	14398.500734104759	23987.778363404857	252.25	13935	23953
point	11	9	0	10	11165.009642651949	17680.501174946556	448.0	11306	17613
point	10	9	2	10	16698.140160592135	10999.674239830818	252.25	16900	10942
point	9	10	0	10	13267.565586146553	12815.256589012597	672.0	13220	12936
point	8	10	0	10	8570.116946302727	18557.998433879176	1009.0	8548	18096
point	7	10	0	10	8898.587209191288	15578.325107412336	1009.0	8752	16404
point	6	10	2	10	7049.100252505087	16002.314785370676	252.25	7073	15982
point	5	10	2	10	14628.947346637626	22044.766643444447	252.25000000000003	14616	21882
point	4	11	1	10	10306.995341571217	17864.98388792206	504.5	10254	17860
point	3	11	0	10	17350.3128772719	24400.44925290505	132.0	17479	24565
point	2	11	0	10	12243.950339263061	21928.14448468674	672.0	12327	21748
point	1	11	1	10	12851.777994103824	11539.48023598146	504.5	12996	11264
point	0	11	0	10	11411.472289484936	23878.410514029067	672.0	11279	24184
newpoint	50	1	1	10	14691.0	15377.0	298.0	14590	15352
newpoint	51	1	1	10	11547.0	16163.0	198.0	11619	16152
newpoint	52	1	1	10	7740.0	14604.0	298.0	7812	14589
newpoint	53	1	1	10	13184.0	11622.0	298.0	13215	11506
newpoint	54	1	1	10	8997.0	22022.0	298.0	8957	22004
point	54	2	1	11	8804.012743271614	22081.074328416402	298.0	8757	22051
point	53	2	1	11	13478.420600225609	11552.485988275108	448.0	13487	11554
point	52	2	1	11	7904.17009457415	14489.430379824182	298.0	8314	14402
point	51	2	1	11	11735.867717434332	16236.767487326173	504.5	11742	16253
point	50	2	1	11	14633.040212036658	15541.116083191378	298.0	14656	15642
point	48	3	3	11	10922.72383705723	27823.117070844753	126.125	10923	27825
point	47	3	4	11	5171.836938144929	17771.436236501257	63.0625	5168	17808
point	46	3	4	11	19812.387295011424	22237.589253950522	63.0625	19716	23280
point	45	3	1	11	8972.126228499215	8603.97154703678	298.0	8894	8710
point	44	4	1	11	5604.107737215559	19251.40108592499	298.0	5872	19289
point	43	4	0	11	10921.134802778752	26270.573549982466	298.0	10921	26273
point	42	4	3	11	15274.148153946142	15711.95405818757	126.12500000000001	15288	15674
point	41	4	0	11	13714.360703707916	13785.670640958371	448.0	13693	13811
point	40	4	0	11	10502.339256559495	8386.712098989687	448.00000000000006	10192	8061
point	37	5	2	11	15453.824785592868	13738.913155477818	252.25	15313	13583
point	49	3	2	11	8758.023919817391	6913.886205090359	252.25000000000003	8843	6973
point	35	5	2	11	8732.569415633481	13254.717089890379	252.25	8838	13424
point	39	5	3	11	5889.362517865931	15273.113848585996	126.125	6010	15311
point	33	6	0	11	8485.054749328558	10053.169828084006	672.0	8623	10218
point	32	6	0	11	15362.475004040927	8609.055753999584	448.0	15354	8641
point	31	6	0	11	11635.954619795099	17473.65560513684	448.0	11729	17450
point	30	6	0	11	14656.472510101052	28327.576116247667	298.0	14736	28489
point	29	7	1	11	11957.9312221396	17314.351936211155	447.99999999999994	11977	17340
point	28	7	3	11	8087.888666946057	19944.32831348913	126.12500000000001	8121	19951
point	27	7	1	11	11101.478319843127	5491.806397380855	298.0	11162	5567
point	38	5	3	11	12739.61575871081	8930.20419155847	126.12499999999999	12757	8995
point	25	7	0	11	13724.482429223552	11787.977633688846	672.0	13536	12144
point	24	8	0	11	8258.626773828946	9782.612038333891	672.0	8623	10218
point	23	8	1	11	14941.766812605514	9590.216099527848	448.0	14861	9780
point	22	8	2	11	7185.443639341857	18482.214752272994	252.25	7212	18525
point	21	8	0	11	17742.437306775828	11610.932722034488	672.0	17768	11607
point	20	8	0	11	12681.597032343803	25161.249302754095	448.0	12260	25158
point	19	9	1	11	8712.220745860015	16750.079511017866	504.5	8752	16404
point	18	9	0	11	13624.514943807628	18107.355591188738	447.99999999999994	13481	18095
point	17	9	0	11	10542.120478079934	13289.929199300459	672.0	10544	13292
point	16	9	1	11	12299.886686843538	6869.191301408228	298.0	12303	7070
point	15	9	0	11	19033.795400503936	16645.7283210855	132.0	18979	16668
point	14	10	0	11	9927.522865532163	6760.206098016925	298.0	9940	6003
point	13	10	2	11	10646.761074149583	9806.325951445951	252.25	10673	10167
point	12	10	2	11	14146.957848172848	23968.90406773466	252.25	13935	23953
point	11	10	0	11	11570.265977399118	17490.3561074409	448.0	11729	17450
point	10	10	2	11	16941.229023080414	10951.514389941634	252.24999999999997	17147	10999
point	9	11	0	11	12704.00941283539	12771.109895866202	672.0	12284	12624
point	8	11	0	11	8616.593246733762	17553.849530623535	1008.9999999999999	8652	17274
point	7	11	0	11	8732.540335141095	16573.299084272476	1009.0	8652	17274
point	6	11	2	11	7242.131190749819	16124.07020022985	252.25	7323	16192
point	5	11	2	11	14610.948302383642	21793.174316912355	252.25	14604	21671
point	4	12	1	11	9805.045165391512	17814.339996461298	504.5	9567	17790
point	3	12	0	11	17431.629618737792	24504.428037074555	132.0	17479	24565
point	2	12	0	11	12513.225647356843	21312.51950676355	672.0	12549	21230
point	1	12	1	11	13041.301329369542	11075.825247234208	504.49999999999994	13308	9968
point	0	12	0	11	11144.419211400413	24495.05750965645	672.0	10893	25090
newpoint	55	1	0	11	12319.0	20057.0	298.0	12416	20077
newpoint	56	1	3	11	14489.0	23722.0	126.125	14559	23576
newpoint	57	1	3	11	13680.0	27702.0	126.12500000000001	13726	27763
newpoint	58	1	1	11	14126.0	18104.0	448.0	14082	18109
newpoint	59	1	0	11	11249.0	5825.0	298.0	11433	6241
point	59	2	0	12	11369.542792403756	6097.531530651969	298.0	11433	6241
point	58	2	1	12	13681.337060062537	18114.511490160538	448.0	13632	18108
point	57	2	3	12	13747.146530084292	27808.004153769132	126.12500000000001	13765	27846
point	56	2	3	12	14543.527552562897	23608.27110465453	126.125	14559	23576
point	55	2	0	12	12533.975134891962	19926.714343696065	672.0	12780	20082
point	54	3	1	12	8590.536295967826	21802.54594802194	504.50000000000006	8581	21772
point	53	3	1	12	13733.503890318498	11770.93709606506	504.5	13536	12144
point	52	3	1	12	8195.611959828593	14427.256115236567	298.0	8314	14402
point	51	3	1	12	11687.870041434173	16699.931369721766	448.0	11682	16742
point	50	3	1	12	14632.92272353973	15802.78633508553	504.49999999999994	14556	15856
point	48	4	3	12	10799.557523594445	27838.89395838331	126.125	10692	27851
point	47	4	4	12	5194.192102806183	17810.357289252555	63.0625	5368	17826
point	46	4	4	12	19806.580942517136	22300.38388092578	63.0625	19716	23280
point	45	4	1	12	8937.208334370696	8859.596862927005	448.0	8486	9239
point	44	5	1	12	5899.444495106044	19290.436884560528	298.0	6063	19299
point	43	5	0	12	10708.154622450797	26315.03227556012	298.0	10708	26315
point	42	5	3	12	15303.746954268023	15589.737789296776	126.12499999999999	15308	15568
point	41	5	0	12	13372.265847862893	14068.645237386263	448.00000000000006	13297	14116
point	40	5	0	12	10193.302074323181	8062.366573360862	448.00000000000006	10192	8061
point	37	6	2	12	15284.933502346934	13551.548598107367	252.24999999999997	15114	13360
point	49	4	2	12	8966.86505235308	7055.2399893532665	252.25000000000003	9182	7182
point	35	6	2	12	8865.601745095339	13469.034426208185	252.24999999999997	8933	13579
point	39	6	3	12	6009.693099781279	15310.903618113129	126.125	6010	15311
point	33	7	0	12	8851.037849905912	10613.994848763728	672.0	8892	10679
point	32	7	0	12	15202.98315714996	9024.742276483948	448.0	15099	9226
point	31	7	0	12	11745.110726791208	17100.75778461099	448.0	11748	17084
point	30	7	0	12	14788.280684441126	28594.84111539766	298.0	14925	28872
point	29	8	1	12	12113.129864807392	17639.849025673146	298.0	12140	17796
point	28	8	3	12	8163.064768567445	19898.69252962472	126.12499999999999	8164	19875
point	27	8	1	12	11226.81769369623	5757.748880888572	298.0	11249	5825
point	38	6	3	12	12757.0	9054.037679016135	126.125	12757	9111
point	25	8	0	12	13434.086001700694	12393.123106953859	672.0	13428	12408
point	24	9	0	12	8673.845404412748	10309.019551109242	672.0	8704	10363
point	23	9	1	12	14755.845299210569	9988.463448823435	448.0	14663	10196
point	22	9	2	12	7281.831554237719	18713.240250513278	252.25	7429	18924
point	21	9	0	12	17579.0	11225.66976829246	448.0	17579	11210
point	20	9	0	12	12233.616770715558	25157.382848437792	448.0	12089	25154
point	19	10	1	12	8779.294026795555	16250.262216416872	504.5	8948	15300
point	18	10	0	12	13219.006481631086	17944.605584174475	448.0	13180	17911
point	17	10	0	12	11501.228051028203	12987.266560892309	1008.9999999999999	12016	12788
point	16	10	1	12	12304.530001923393	7167.155122135425	298.0	12313	7705
point	15	10	0	12	18983.026199386964	16740.740002257804	132.0	18994	16939
point	14	11	0	12	9932.432600680033	6462.246546230483	298.0	9940	6003
point	13	11	2	12	10665.063814018902	10057.911070666616	252.25	10673	10167
point	12	11	2	12	13921.992580429365	23990.504726428662	252.25	13875	24126
point	11	11	0	12	11733.594716602061	17167.55064370804	448.0	11748	17084
point	10	11	2	12	17179.60837125369	11023.970374383454	252.24999999999997	17258	11084
point	9	12	0	12	11991.194123251258	12797.602274870482	1008.9999999999999	11396	13028
point	8	12	0	12	8735.007428776813	16551.83536964172	1009.0	8752	16404
point	7	12	0	12	8818.069492084167	17389.449379523754	672.0	8839	17404
point	6	12	2	12	7436.78414363036	16284.495497402744	252.25	7478	16318
point	5	12	2	12	14617.635710646335	21541.839518599987	252.24999999999997	14640	21330
point	4	13	1	12	9313.57809549297	17717.042825143224	504.50000000000006	9311	17716
point	3	13	0	12	17518.969247738547	24566.83542343437	132.0	17719	24776
point	2	13	0	12	12603.0	20655.503539144094	672.0	12603	20538
point	1	13	1	12	13159.38149093064	10585.33842228811	504.49999999999994	13308	9968
point	0	13	0	12	10882.691581050318	25113.993733762192	672.0	10835	25225
newpoint	60	1	1	12	6655.0	18344.0	298.0	6747	18244
newpoint	61	1	0	12	21063.0	10755.0	132.0	21034	10773
newpoint	62	1	0	12	11316.0	27104.0	298.0	11289	27061
newpoint	63	1	0	12	10667.0	27212.0	298.0	10618	27255
newpoint	64	1	2	12	12033.0	21855.0	252.25	11916	22177
point	64	2	2	13	11946.854432942966	22092.08438113132	252.25	11916	22177
point	63	2	0	13	10724.53013063276	27632.678296465176	298.0	11148	27558
point	62	2	0	13	11137.419812570433	26865.694758504214	298.0	11029	26726
point	61	2	0	13	20949.473089612868	10822.32877445085	132.0	20705	10965
point	60	2	1	13	6874.320907040829	18190.87173634387	448.0	7149	18431
point	59	3	0	13	11335.2670047768	6342.805203357499	298.0	11313	6366
point	58	3	1	13	13264.084017589217	17979.779476064206	448.0	13245	17967
point	57	3	3	13	13842.79377517428	27813.9348350085	126.125	13961	27765
point	56	3	3	13	14636.399554024036	23622.583064921873	126.125	14667	23641
point	55	3	0	13	12987.16115053242	19762.210225814106	672.0	13067	19645
point	54	4	1	13	8810.042142931727	21612.51496378171	298.0	9088	21419
point	53	4	1	13	13504.807518713025	12220.24828759038	504.5	13428	12408
point	52	4	1	13	8487.919370301246	14369.829299390249	298.0	8780	14338
point	51	4	1	13	11355.250930869623	16866.93760578064	447.99999999999994	11303	16861
point	50	4	1	13	14198.479239967668	16045.7742620802	504.5	14067	16065
point	48	5	3	13	10694.984816097	27868.63754966409	126.12499999999999	10714	27981
point	47	5	4	13	5257.000740855735	17816.010066677016	63.0625	5368	17826
point	46	5	4	13	19800.774590022847	22363.17850790104	63.0625	19716	23280
point	45	5	1	13	8594.317864728207	9147.919816970476	448.0	8486	9239
point	44	6	1	13	6190.772433558771	19257.89837801606	298.0	6206	19253
point	43	6	0	13	10521.087933397426	26517.295492155372	672.0	10544	26692
point	42	6	3	13	15294.952014537812	15465.369669781496	126.125	15283	15408
point	41	6	0	13	12999.060200764754	14314.812321196045	448.0	12965	14339
point	40	6	0	13	10193.253126184796	7764.675255763514	298.0	10196	7699
point	37	7	2	13	15116.981345930337	13363.340905238518	252.24999999999997	15114	13360
point	49	5	2	13	9183.92015981413	7183.674725852925	252.25000000000003	9315	7298
point	35	7	2	13	8997.259974952383	13684.199797704303	252.25	9181	13985
point	39	7	3	13	6129.636094651432	15349.906047041117	126.12500000000001	6256	15391
point	33	8	0	13	9203.699008637108	11185.957099023837	672.0	9463	11616
point	32	8	0	13	15010.410639699487	9428.91849684964	448.0	14861	9780
point	31	8	0	13	11730.87907764445	16704.168591209076	448.0	11694	16656
point	30	8	0	13	14920.11348978125	28862.094013298043	298.0	14925	28872
point	29	9	1	13	12163.522803054151	17933.55726133841	298.0	12186	18065
point	28	9	3	13	8167.803301060136	19772.656626018164	126.12500000000001	8175	19579
point	27	9	1	13	11340.897688943323	6032.768688045773	298.0	11433	6241
point	38	7	3	13	12745.929049841212	9179.270859312524	126.125	12661	9703
point	25	9	0	13	13184.492563169562	13016.992169960336	672.0	13099	13212
disappearpoint	24	9	0	13	8892.0	10679.0	0.0	8892	10679
point	23	10	1	13	14573.434218404554	10397.645366214882	448.0	14480	10608
point	22	10	2	13	7426.248015577709	18920.058886506347	252.25	7429	18924
point	21	10	0	13	17807.201286105108	10861.498067085393	448.0	17918	10794
point	20	10	0	13	11785.753537246354	25146.61207055997	448.00000000000006	11640	25144
point	19	11	1	13	8867.482033956809	15753.529767916749	504.5	8948	15300
point	18	11	0	13	12808.156227049285	17942.423935516606	448.0	12649	18013
point	17	11	0	13	12373.764598780943	12655.440392466422	672.0	13072	12900
point	16	11	1	13	12309.22233349501	7465.1181769332	298.0	12313	7705
point	15	11	0	13	18990.32130604579	16872.538262560574	132.0	18994	16939
point	14	12	0	13	9937.342335827905	6164.28699444404	298.0	9940	6003
point	13	12	2	13	10742.453979244176	10291.85501327163	252.24999999999997	10930	10629
point	12	12	2	13	13839.113950872326	24228.75065348522	252.25000000000003	13758	24461
point	11	12	0	13	11935.950312092167	16802.892080218317	448.0	12020	16774
point	10	12	2	13	17407.645153799673	11049.752850374203	252.25	17660	10992
point	9	13	0	13	11041.843428264881	13137.7386560306	1009.0	10544	13292
point	8	13	0	13	8902.363829810798	15557.05271371877	1009.0	8948	15300
point	7	13	0	13	8615.922852842174	17774.502858738986	672.0	8558	17796
point	6	13	2	13	7608.037766441143	16167.186969097847	252.24999999999997	7647	16122
point	5	13	2	13	14643.73321886011	21290.94478730962	252.25	14653	21194
point	4	14	1	13	9168.481713095034	17431.67074956647	298.0	9133	17322
point	3	14	0	13	17610.20117808226	24662.233195346293	132.0	17719	24776
point	2	14	0	13	12736.56435185796	20054.584343758255	672.0	12517	19916
point	1	14	1	13	13277.461652491738	10094.85159734201	504.49999999999994	13308	9968
point	0	14	0	13	10618.220895170183	25731.724737182485	672.0	10548	25904
newpoint	65	1	2	13	12964.0	30823.0	252.25	12880	30851
newpoint	66	1	1	13	12098.0	24339.0	298.0	12184	24344
newpoint	67	1	0	13	11584.0	16893.0	448.0	11646	16903
newpoint	68	1	1	13	10048.0	13105.0	298.0	10104	13073
newpoint	69	1	0	13	7532.0	11551.0	298.0	7692	11612
point	69	2	0	14	7771.530876492029	11705.524873952469	298.0	7829	11793
point	68	2	1	14	10247.664563456465	12924.107605760775	504.5	9989	12493
point	67	2	0	14	11727.437981048819	17203.259709916852	448.0	11723	17229
point	66	2	1	14	12379.80919542528	24424.87771115392	298.0	12460	24458
point	65	2	2	14	12777.660277698806	30723.225552195378	252.25	12369	30213
point	63	3	0	14	11018.00175859124	27580.925001078307	298.0	11148	27558
point	62	3	0	14	10916.011034390547	26682.236668249858	298.00000000000006	10887	26671
point	61	3	0	14	20835.46684494124	10888.861294137638	132.0	20705	10965
point	60	3	1	14	7195.841216190267	18498.966403862098	448.0	7212	18525
point	59	4	0	14	11128.054850124714	6556.970931700797	298.0	10914	6778
point	58	4	1	14	12860.516719276337	17919.205255705518	448.0	12649	18013
point	57	4	3	14	13959.327763889632	27765.692269787625	126.125	13961	27765
point	56	4	3	14	14746.817885242657	23639.690290782077	126.125	14763	23569
point	55	4	0	14	13440.962446634065	19285.192782536767	672.0	13454	19256
point	54	5	1	14	9054.608777543603	21442.247053608884	298.0	9088	21419
point	53	5	1	14	13317.439665956499	12688.653155648888	504.5	13220	12936
point	52	5	1	14	8784.187794656678	14337.858040859095	298.0	8839	14336
point	51	5	1	14	11119.012578413458	17210.527695030843	448.00000000000006	10979	17478
point	50	5	1	14	13699.572990568548	16120.681224438671	504.5	13601	16136
point	48	6	3	14	10719.724673127104	27991.73376211332	126.125	10746	28041
point	47	6	4	14	5319.8093789052855	17821.662844101476	63.0625	5368	17826
point	46	6	4	14	19794.968237528563	22425.9731348763	63.0625	19716	23280
point	45	6	1	14	8281.1102603297	9461.241552824096	448.0	8102	9613
point	44	7	1	14	6473.975848913496	19165.17062477401	298.0	7248	18915
point	43	7	0	14	10608.611519065273	27183.571422077686	672.0	10618	27255
point	42	7	3	14	15254.646926185322	15364.598938489276	126.125	15426	15241
point	41	7	0	14	12618.218380712819	14445.277003374127	672.0	12612	14474
disappearpoint	40	6	0	14	10196.0	7699.0	0.0	10196	7699
point	37	8	2	14	14946.499354936219	13177.42265139002	252.25	14863	13086
point	49	6	2	14	9373.60935356943	7349.949199754723	252.25	9403	7376
point	35	8	2	14	9128.75284357476	13899.466348755455	252.25	9181	13985
point	39	8	3	14	6249.578098462595	15388.911576735803	126.12500000000001	6256	15391
point	33	9	0	14	9550.440113000688	11761.590715145887	672.0	9659	11943
point	32	9	0	14	14827.430473705104	9828.44952936506	448.0	14663	10196
point	31	9	0	14	11891.253410342144	16122.408305196552	672.0	12045	15875
point	30	9	0	14	15052.528567376283	29129.057134752566	298.0	15065	29154
point	29	10	1	14	12318.178501617214	18239.942625843938	448.0	12319	18241
point	28	10	3	14	8172.487145622462	19646.61862688649	126.12500000000001	8175	19579
point	27	10	1	14	11501.537594852405	6256.683660149291	298.0	11870	6341
point	38	8	3	14	12725.740074968631	9303.769537693439	126.125	12661	9703
point	25	10	0	14	12861.192975194072	13381.982887090933	448.0	12854	13378
point	64	3	2	14	11855.517570093962	22327.180948834484	252.25	11798	22470
point	23	11	1	14	14345.29741947554	10813.005520957544	504.5	14229	10990
point	22	11	2	14	7568.158606256349	19128.604485436314	252.25	7631	19221
point	21	11	0	14	18212.436546283803	10673.182572193577	448.0	18247	10659
point	20	11	0	14	11337.983364525331	25133.257096327234	448.0	11325	25133
point	19	12	1	14	8965.245212528118	15259.652710311573	504.49999999999994	9160	14804
point	18	12	0	14	12397.982276367586	18091.0	448.0	12389	18091
point	17	12	0	14	13007.98720689255	12877.579275510589	672.0	13072	12900
point	16	12	1	14	12314.217519339965	7763.075672516366	298.0	12323	8182
point	15	12	0	14	18987.615264433418	17004.124302779124	132.0	18984	17041
point	14	13	0	14	9901.603637411119	5871.812427821324	298.0	9808	5552
point	13	13	2	14	10865.078925653743	10512.293632887273	252.24999999999997	10930	10629
point	12	13	2	14	13755.956719355258	24466.899613129186	252.25000000000003	13687	24666
point	11	13	0	14	12505.818790857034	16662.0761042711	672.0	12514	16662
point	10	13	2	14	17653.53801803367	10993.478861544534	252.25	17660	10992
point	9	14	0	14	10176.127406677657	13612.348382701754	1008.9999999999999	9708	14020
point	8	14	0	14	9279.461636777703	14633.091380960364	1009.0	9708	14020
point	7	14	0	14	7977.15950901166	17742.313760025583	672.0	7943	17772
point	6	14	2	14	7763.2939045289395	15968.4920460218	252.25	7872	15825
point	5	14	2	14	14747.432149070935	21130.741313804705	252.25	14758	21135
point	4	15	1	14	9212.743213567854	17229.8140136098	298.0	9193	17113
point	3	15	0	14	17701.43310842598	24757.630967258214	132.0	17719	24776
point	2	15	0	14	12339.171782613677	19557.427473515112	672.0	12201	19289
point	1	15	1	14	13363.609403498469	9598.132804638093	504.5	13480	8824
point	0	15	0	14	10515.529421480043	26324.98668096094	298.0	10708	26315
newpoint	70	1	0	14	14170.0	29086.0	198.0	14343	29091
newpoint	71	1	0	14	11040.0	24083.0	298.0	11279	24184
newpoint	72	1	0	14	7636.0	20290.0	298.0	7646	20142
newpoint	73	1	2	14	12284.0	12624.0	252.25000000000003	13072	12900
newpoint	74	1	0	14	11462.0	18216.0	88.0	11433	18248
point	74	2	0	15	11402.806155953383	18281.115828954353	88.0	11371	18316
point	73	2	2	15	12522.06942395261	12707.384722095076	252.25000000000003	13072	12900
point	72	2	0	15	7792.164162586041	20109.829897229865	298.0	7855	20096
point	71	2	0	15	11313.562349784273	24104.270943111278	672.0	11455	23778
point	70	2	0	15	14343.0	29115.927760747138	198.0	14343	29167
point	68	3	1	15	9988.101454843278	12491.502424738796	504.5	9935	12403
point	67	3	0	15	11829.550299398881	17622.908926069103	448.0	11836	17634
point	66	3	1	15	12378.0131656803	24652.67824966638	298.0	12323	24784
point	65	3	2	15	12619.96807711682	30526.341747946244	252.25	12369	30213
point	63	4	0	15	11195.895714192773	27406.783952979527	298.0	11251	27326
point	62	4	0	15	10620.76221757742	26684.672697413065	298.0	10544	26692
point	61	4	0	15	20721.46060026961	10955.393813824423	132.0	20705	10965
point	60	4	1	15	7405.1887874886015	18889.899991958984	447.99999999999994	7429	18924
point	59	5	0	15	10920.741382920938	6771.038973023993	298.0	10914	6778
point	58	5	1	15	12455.259918065101	18091.0	448.0	12389	18091
point	57	5	3	15	14018.002427570065	27875.476133433414	126.125	14171	28172
point	56	5	3	15	14758.815878148016	23515.55735270876	126.125	14741	23288
point	55	5	0	15	14040.092783865774	19025.351929154283	672.0	14203	18956
point	54	6	1	15	9340.468173382184	21371.142517282213	298.0	9381	21362
point	53	6	1	15	13124.177479827247	13154.570376592395	504.5	13099	13212
point	52	6	1	15	9064.557885442084	14245.17801957863	298.0	9065	14245
point	51	6	1	15	10908.405000316905	17605.909751901054	448.0	10777	17844
point	50	6	1	15	13224.308766421562	16278.826221910223	504.49999999999994	13138	16323
point	48	7	3	15	10786.336823116657	28098.564007989393	126.125	10938	28315
point	47	7	4	15	5382.589855328901	17824.40206346398	63.0625	5578	17803
point	46	7	4	15	19789.161885034275	22488.767761851563	63.0625	19716	23280
point	45	7	1	15	8264.430651316123	9789.54706595778	504.5	8623	10218
point	44	8	1	15	6757.53301411131	19073.522743920283	298.0	7248	18915
point	43	8	0	15	10691.922178272385	27850.377426179082	672.0	10692	27851
point	42	8	3	15	15356.938044088827	15290.815181312977	126.125	15426	15241
point	41	8	0	15	12382.141917410592	15071.80430858544	672.0	12350	15144
point	69	3	0	15	8077.79697418863	11642.74164385109	447.99999999999994	8089	11636
point	37	9	2	15	14776.894263701579	12990.704363383891	252.25000000000003	14620	12817
point	49	7	2	15	9562.420923911044	7517.2221883047605	252.25000000000003	9622	7570
point	35	9	2	15	9258.87726813805	14115.558949525557	252.25	9283	14156
point	39	9	3	15	6370.203708092351	15425.721083903918	126.125	6443	15447
point	33	10	0	15	9895.971125924554	12337.951876540923	672.0	9935	12403
point	32	10	0	15	14644.592823091758	10237.441294460086	448.0	14480	10608
point	31	10	0	15	12186.56512790764	15521.587180230901	672.0	12242	15383
point	30	10	0	15	15184.354764798738	29396.305831143058	298.0	15375	29785
point	29	11	1	15	12268.306913340039	18684.659001550404	448.0	12255	18826
point	28	11	3	15	8233.031255585236	19586.064674592984	126.12500000000001	8405	19607
point	27	11	1	15	11792.028918375485	6323.157647225511	298.0	11870	6341
point	38	9	3	15	12705.55110009605	9428.268216074353	126.125	12661	9703
point	25	11	0	15	12508.396341212638	13410.046803144462	447.99999999999994	12492	13426
point	64	4	2	15	11805.814298134768	22562.759083826437	252.25	11931	22639
point	23	12	1	15	14062.47682657391	11230.734587670328	504.5	14045	11256
point	22	12	2	15	7709.420359796709	19337.589561467674	252.25	7744	19389
point	21	12	0	15	18539.092766921076	10622.98474856999	132.0	19018	10441
point	20	12	0	15	10982.672557270835	25138.0	448.0	10964	25138
point	19	13	1	15	9165.139592351043	14796.647006563473	504.5	9708	14020
point	18	13	0	15	12304.764216418405	18342.232238802448	448.0	12292	18433
point	17	13	0	15	13637.780472233388	13108.15074735245	672.0	14016	13264
point	16	13	1	15	12320.46352637184	8061.010207936746	298.0	12323	8182
point	15	13	0	15	18967.561447474774	17134.51365257275	132.0	18878	17644
point	14	14	0	15	9817.895808936446	5585.810680532859	298.0	9808	5552
point	13	14	2	15	10986.580482455864	10733.349250430896	252.24999999999997	11052	10854
point	12	14	2	15	13658.127093793228	24636.125908007536	252.25	12793	23741
point	11	14	0	15	13086.22088415303	16349.450484044219	672.0	13087	16349
point	10	14	2	15	17847.37066256383	10837.027067633528	252.25	17918	10794
point	9	15	0	15	9485.567786560197	14338.224188570812	1009.0	9160	14804
point	8	15	0	15	9904.819165878136	13848.607233541527	1008.9999999999999	10544	13292
point	7	15	0	15	7402.245565032967	18009.430021029955	672.0	7255	17998
point	6	15	2	15	7917.863911767653	15769.198907349355	252.25	7932	15752
disappearpoint	5	14	2	15	14826.0	21040.0	0.0	14826	21040
point	4	16	1	15	9072.573520471204	17019.733471834552	298.0	9056	16913
point	3	16	0	15	17798.670125396213	24705.200030265307	132.0	18213	24337
point	2	16	0	15	12061.367575072689	18986.926484985463	448.0	12136	18972
point	1	16	1	15	13438.617757168777	9099.240033714652	504.5	13480	8824
point	0	16	0	15	10811.049434126375	26336.51031877395	298.0	10914	26358
newpoint	75	1	0	15	3414.0	19658.0	298.0	3535	19414
newpoint	76	1	3	15	11569.0	18692.0	126.12500000000001	11612	18650
newpoint	77	1	0	15	10804.0	19498.0	298.0	10823	19384
newpoint	78	1	2	15	20952.0	16313.0	132.0	20797	16375
newpoint	79	1	2	15	10517.0	17106.0	252.25	10667	17121
point	79	2	2	16	10677.880613380914	17030.999835112656	252.25	10849	16985
point	78	2	2	16	20829.441076803145	16362.023569278741	132.0	20797	16375
point	77	2	0	16	10847.712392334803	19206.973263603217	298.0	10862	19037
point	76	2	3	16	11650.301756803685	18596.230226025596	126.125	11664	18577
point	75	2	0	16	3542.9463402842093	19389.61670926489	298.0	3608	19190
point	73	3	2	16	12760.138847905217	12790.769444190153	252.25000000000003	13072	12900
point	72	3	0	16	7929.166293401312	19924.0	298.0	7987	19924
point	71	3	0	16	11577.740129944636	23486.38689955058	672.0	11666	23276
point	70	3	0	16	14489.927760747138	29167.0	198.0	14716	29167
point	68	4	1	16	9753.990170386774	12549.260780454968	298.0	9726	12566
point	67	4	0	16	12039.900423262961	18018.442581173505	448.0	12081	18097
point	66	4	1	16	12274.3883417391	24931.4466330436	298.0	12265	24969
point	65	4	2	16	12462.275876534835	30329.457943697114	252.25	12369	30213
point	63	5	0	16	11354.383259679431	27181.78123633762	298.0	11892	27102
point	62	5	0	16	10479.34110640836	26198.10268790934	672.0	10465	26088
point	61	5	0	16	20718.651139097074	11071.311367503178	132.0	20869	11284
point	60	5	1	16	7657.357268394085	19260.186027346957	448.0	7744	19389
point	59	6	0	16	10713.91464932296	6985.577281153621	298.0	10594	7110
point	58	6	1	16	12049.10142770703	18036.029311186856	448.0	12002	17946
point	57	6	3	16	14075.834735545048	27987.560654127785	126.125	14171	28172
point	56	6	3	16	14748.971448144417	23389.817133117318	126.125	14741	23288
point	55	6	0	16	14287.47021653669	19158.579014880026	298.0	14316	19227
point	54	7	1	16	9637.318838836129	21356.406929429555	298.0	9710	21353
point	53	7	1	16	12891.536628642905	13602.045993523723	504.5	12792	13779
point	52	7	1	16	9363.194336517374	14203.66446847912	448.0	9420	14236
point	51	7	1	16	10930.687619560344	17935.263370907498	504.50000000000006	10955	17941
point	50	7	1	16	12784.053892802252	16524.87467218618	504.50000000000006	12748	16546
point	48	8	3	16	10858.715352829116	28201.85420143322	126.125	10938	28315
point	47	8	4	16	5445.27749246733	17817.53627463453	63.0625	5578	17803
point	46	8	4	16	19783.355532539987	22551.56238882682	63.0625	19716	23280
point	45	8	1	16	8588.21578946926	10176.436500177886	504.5	8623	10218
point	44	9	1	16	7041.090179309125	18981.874863066554	298.0	7248	18915
point	43	9	0	16	11019.156160345885	28425.302522363883	672.0	11147	28595
point	42	9	3	16	15421.951029413734	15207.814644611948	126.125	15363	15085
point	41	9	0	16	12119.179724537735	15690.050688655661	672.0	12104	15728
point	69	4	0	16	8461.661801458362	11411.777022066553	448.0	8610	11318
point	37	10	2	16	14602.80451943921	12811.100139134409	252.25	13699	12501
point	49	8	2	16	9749.881315532719	7685.95001546216	252.25	9992	7896
point	35	10	2	16	9457.73527998755	14263.17995691411	252.25000000000003	9563	14339
point	39	10	3	16	6480.891298461864	15480.054111424179	126.125	6584	15570
point	33	11	0	16	10241.712273571851	12914.187122619753	672.0	10277	12973
point	32	11	0	16	14444.966591013248	10661.317777820474	672.0	14229	10990
point	31	11	0	16	12456.860480057856	14906.465083606821	672.0	12490	14834
point	30	11	0	16	15315.582036749416	29663.85657978036	298.0	15375	29785
point	29	12	1	16	12054.173386729897	19007.16733825942	504.5	12063	19018
point	28	12	3	16	8358.23190495827	19601.306492777527	126.12500000000001	8405	19607
point	27	12	1	16	12017.00878909551	6501.991630217704	298.0	12259	6767
point	38	10	3	16	12685.36212522347	9552.766894455268	126.125	12661	9703
point	25	12	0	16	12279.360598524709	13344.363252596682	298.0	12244	13321
point	64	5	2	16	11973.254328743387	22542.140077188233	252.25	12191	22043
point	23	13	1	16	13789.057086652196	11650.873140772897	504.50000000000006	13789	11651
point	22	13	2	16	7850.661206561804	19546.589530415637	252.25	7855	19553
point	21	13	0	16	18662.484199558738	10576.096004167679	132.0	19018	10441
point	20	13	0	16	11087.933239689717	24628.72233380354	672.0	11196	24373
point	19	14	1	16	9454.168096353213	14383.146373100515	504.5	9708	14020
point	18	14	0	16	12823.718487415517	18487.51343311242	672.0	12871	18492
point	17	14	0	16	14241.824629509038	13398.666063468692	672.0	14452	13524
point	16	14	1	16	12587.97129152759	8206.147630016061	448.0	12729	8219
point	15	14	0	16	18944.70788359607	17264.52024709027	132.0	18878	17644
point	14	15	0	16	9630.630879103875	5419.5004861900425	198.0	9681	5224
point	13	15	2	16	11107.006977414363	10954.996417547682	252.25	11235	11190
point	12	15	2	16	13482.824665029142	24454.744759677804	252.25	12793	23741
disappearpoint	11	14	0	16	13342.0	16181.0	0.0	13342	16181
point	10	15	2	16	18074.85501532905	10729.636999788992	252.25	18247	10659
point	9	16	0	16	8986.786173594111	15209.254990081701	1008.9999999999999	8948	15300
point	8	16	0	16	10698.203473234478	13244.218642096359	1009.0	11396	13028
point	7	16	0	16	6734.8591906560405	17939.93273536368	672.0	6598	17936
point	6	16	2	16	8079.145959275492	15575.24540257761	252.25	8096	15555
point	74	3	0	16	11309.148495344867	18383.812537124184	198.0	11253	18445
point	4	17	1	16	9010.89455576665	16728.68366729995	298.0	9003	16705
point	3	17	0	16	17897.33917454104	24617.51640157183	132.0	18213	24337
point	2	17	0	16	12271.98969780694	18645.541858428995	448.0	12292	18433
point	1	17	1	16	13465.892124589305	8598.273993428886	504.5	13444	8248
disappearpoint	0	16	0	16	10922.0	26255.0	0.0	10922	26255
newpoint	80	1	1	16	12050.0	11759.0	298.0	12059	11616
newpoint	81	1	1	16	12793.0	25474.0	298.0	12784	25462
newpoint	82	1	3	16	13476.0	10877.0	126.125	13529	10894
newpoint	83	1	0	16	6681.0	21451.0	298.0	6556	21265
newpoint	84	1	1	16	3518.0	16723.0	198.0	3197	16719
point	84	2	1	17	3320.0153707315885	16720.53290181597	198.0	3197	16719
point	83	2	0	17	6561.286696658143	21201.37405067933	298.0	6610	21129
point	82	2	3	17	13596.120901883058	10915.451009880153	126.12499999999999	13626	10925
point	81	2	1	17	12779.28398828948	25179.039297368792	298.0	12779	25162
point	80	2	1	17	12028.749723601306	11488.728826051918	448.0	11536	11511
point	77	3	0	17	10873.408144330006	18910.084394328678	298.0	10886	18770
point	76	3	3	17	11666.377511883866	18507.14477989789	88.0	11803	18458
point	75	3	0	17	3623.7248352816428	19103.365058448308	298.0	3661	18898
point	73	4	2	17	12998.208271857826	12874.154166285229	252.25000000000003	13072	12900
point	72	4	0	17	8163.503571572133	19887.576186839295	298.0	8164	19875
point	71	4	0	17	11835.208515787934	22865.66934921426	672.0	11906	22694
point	70	4	0	17	14687.927760747138	29167.0	198.0	14716	29167
point	68	5	1	17	9499.537963646719	12704.363166890267	298.0	9454	12732
point	67	5	0	17	12200.94112290359	18320.441578223075	447.99999999999994	12191	18395
point	66	5	1	17	12365.569642201053	25158.813638860895	448.0	12779	25162
point	65	5	2	17	12304.882334076603	30132.33583964476	252.25	12276	30096
point	63	6	0	17	11649.155206982467	27138.03767586095	298.0	11892	27102
point	62	6	0	17	10683.93066581004	25571.613640028765	672.0	10713	25506
point	61	6	0	17	20794.846267040397	11179.09959727666	132.0	20869	11284
point	60	6	1	17	7957.288621771321	19572.95687633763	504.5	8055	19564
point	59	7	0	17	10469.807659103288	7125.83660722844	298.0	10445	7129
point	58	7	1	17	11839.296472120805	17640.195778925852	448.0	11836	17634
point	57	7	3	17	14133.66704352003	28099.645174822155	126.125	14171	28172
point	56	7	3	17	14738.90311389581	23264.095498412236	126.12500000000001	14711	22946
point	55	7	0	17	14522.960504488345	19310.015440340336	298.0	14675	19351
point	54	8	1	17	9735.0	21133.002432536017	298.0	9735	21107
point	53	8	1	17	12701.53286855173	14066.102091517212	504.50000000000006	12692	14109
point	52	8	1	17	9683.60522221615	14506.473629621534	448.00000000000006	9786	14643
disappearpoint	51	7	1	17	10955.0	17941.0	0.0	10955	17941
point	50	8	1	17	12323.928032814338	16663.768111322657	504.5	12299	16664
point	48	9	3	17	10931.093882541576	28305.144394877043	126.125	10938	28315
point	47	9	4	17	5507.96512960576	17810.670485805083	63.0625	5578	17803
point	46	9	4	17	19777.5491800457	22614.35701580208	63.0625	19716	23280
point	45	9	1	17	8847.433166888097	10608.274373539805	504.50000000000006	8892	10679
point	44	10	1	17	7322.12863167727	18946.51926071317	298.0	7375	18969
point	43	10	0	17	11424.416112478166	28961.349524385067	672.0	11449	28994
point	42	10	3	17	15367.372823514606	15094.110048988763	126.125	15363	15085
point	41	10	0	17	11795.486106365219	16276.516610446773	672.0	11784	16295
point	69	5	0	17	8840.11421157375	11172.032029971875	448.00000000000006	8878	11148
point	37	11	2	17	14364.207827012058	12729.236344555711	252.25	13699	12501
point	49	9	2	17	9940.420593195036	7851.252302705628	252.25	9992	7896
point	35	11	2	17	9633.944090891762	14438.88550937959	252.25	9648	14459
point	39	11	3	17	6575.935195796039	15562.964745268884	126.125	6584	15570
point	33	12	0	17	10333.363330877703	13475.425233398364	1008.9999999999999	9708	14020
point	32	12	0	17	14070.442619907415	11219.218821220802	672.0	14045	11256
point	31	12	0	17	12705.16695884092	14395.04173971023	448.0	12749	14406
point	30	12	0	17	15535.584553137594	29637.19580726601	298.0	15526	29615
point	29	13	1	17	12286.31587174121	19454.743854997247	504.5	12393	19662
point	28	13	3	17	8482.15794742846	19624.01431661243	126.125	8600	19650
point	27	13	1	17	12217.953307755819	6722.049123660614	298.0	12259	6767
point	38	11	3	17	12665.173150350889	9677.265572836182	126.125	12661	9703
point	25	13	0	17	12044.56271696106	13472.137445036531	298.0	11978	13489
point	64	6	2	17	12074.116616878666	22310.93267823198	252.25	12191	22043
point	23	14	1	17	13559.390717295397	12099.817533997584	504.5	13536	12144
point	22	14	2	17	8095.716215319967	19569.089526914995	252.25	8175	19579
point	21	14	0	17	18785.8756321964	10529.207259765368	132.0	19018	10441
point	20	14	0	17	11353.757016873737	24011.549154257176	672.0	11455	23778
point	19	15	1	17	9754.331114984292	13979.654244367746	504.49999999999994	10544	13292
point	18	15	0	17	13327.901124659576	18850.643478785936	672.0	13361	18929
point	17	15	0	17	14792.072639399392	13782.705566168863	672.0	15104	14020
point	16	15	1	17	13035.331252989363	8222.336653863807	448.0	13305	8242
point	15	15	0	17	18921.85431971737	17394.526841607785	132.0	18878	17644
point	14	16	0	17	9680.03075459542	5227.761986400825	198.0	9681	5224
point	13	16	2	17	11227.658824807102	11176.5211209573	252.25	11235	11190
point	12	16	2	17	13307.522236265055	24273.36361134807	252.25	12793	23741
point	79	3	2	17	10921.41584016154	16965.269307318304	252.25	11194	16891
point	10	16	2	17	18313.15646491551	10660.613572315013	252.25	18411	10663
point	9	17	0	17	8788.874660077365	16196.29783303362	1009.0	8752	16404
point	8	17	0	17	11655.694527811518	12927.473086008444	1008.9999999999999	12016	12788
point	7	17	0	17	6073.088772524065	17867.296724304422	672.0	6024	17849
point	6	17	2	17	8238.649677190608	15379.851332682474	252.25	8282	15326
point	74	4	0	17	11424.977055211932	18639.773099060047	448.0	11558	18719
point	4	18	1	17	8850.267797577704	16896.164322706078	298.0	8846	16911
point	3	18	0	17	17996.008223685865	24529.832772878348	132.0	18213	24337
point	2	18	0	17	12294.073225686125	18208.91603306135	448.0	12218	18111
point	1	18	1	17	13307.779850680196	8242.119993554541	447.99999999999994	13305	8242
point	78	3	2	17	20811.422226463194	16470.982403703318	132.0	20855	16761
newpoint	85	1	1	17	10519.0	12286.0	198.0	10519	12329
newpoint	86	1	3	17	18016.0	11350.0	126.125	17977	11350
newpoint	87	1	1	17	11652.0	4663.0	298.0	11608	4663
newpoint	88	1	0	17	2636.0	19164.0	298.0	2599	19214
newpoint	89	1	2	17	12033.0	21716.0	252.25	11989	21591
point	89	2	2	18	11912.016076096954	21501.654235679012	252.25	11791	21416
point	88	2	0	18	2538.0	18839.010200772023	672.0	2538	18535
point	87	2	1	18	11674.39070095524	4477.106530617335	298.0	11683	4475
point	86	2	3	18	17892.4856745584	11363.090565952663	126.12500000000001	17794	11404
point	85	2	1	18	10384.177243545731	12398.247764450407	298.0	10308	12270
point	83	3	0	18	6536.225539717948	20945.25776973665	672.0	6600	20925
point	82	3	3	18	13718.290114494483	10946.481319753026	126.125	13858	10979
point	81	3	1	18	12356.63222655408	25158.744757044733	448.0	12260	25158
point	80	3	1	18	11581.206618898168	11508.956762987653	448.0	11536	11511
point	77	4	0	18	11062.864386413017	18612.913731655866	448.0	11065	18611
point	76	4	3	18	11749.183195660724	18477.35856271197	88.0	11803	18458
point	75	4	0	18	3675.79742567396	18809.95531723994	298.0	3681	18779
point	73	5	2	18	13211.268086463668	12955.917422611798	252.25	13099	13212
point	72	5	0	18	8174.599285638178	19589.78285919084	298.0	8175	19579
point	71	5	0	18	12101.29313389911	22248.635739215886	672.0	12191	22043
point	70	5	0	18	14858.922309417005	29075.08342182475	198.0	14985	28994
point	68	6	1	18	9301.317423089604	12872.61263622028	298.0	9365	12979
point	67	6	0	18	12263.80129912139	18732.5159309539	448.0	12255	18826
point	66	6	1	18	12813.553837813126	25162.493626254472	448.0	12989	25165
point	65	6	2	18	12152.372673663878	29931.428575231013	252.25	11965	29682
point	63	7	0	18	11943.910912920408	27094.18545396897	298.0	12078	27074
point	62	7	0	18	10950.2068366765	24954.6293666764	672.0	11196	24373
point	61	7	0	18	20865.577630712774	11284.891194149963	132.0	20124	11478
point	60	7	1	18	8457.486066894739	19618.573850648583	504.5	8600	19650
point	59	8	0	18	10212.815367019866	7160.758312549726	298.0	10210	7260
point	58	8	1	18	11510.974267416474	17514.679009938438	448.0	11306	17613
point	57	8	3	18	14211.227549198386	28152.495733721997	126.125	14501	28012
point	56	8	3	18	14727.881838715275	23138.45296135414	126.12500000000001	14711	22946
point	55	8	0	18	14811.884811938025	19382.80478046079	298.0	14880	19399
disappearpoint	54	8	1	18	9724.0	21092.0	0.0	9724	21092
point	53	9	1	18	12592.404510696968	14558.652513789095	504.5	12587	14582
point	52	9	1	18	10058.998544752507	14614.544359060032	448.00000000000006	10205	14609
point	84	3	1	18	3189.6678220924773	16793.615692823612	198.0	3180	16892
point	50	9	1	18	11884.70744320356	16822.989644123878	448.0	11816	16870
point	48	10	3	18	10930.252597352342	28428.827223515586	126.125	10925	28506
point	47	10	4	18	5570.65276674419	17803.804696975636	63.0625	5578	17803
point	46	10	4	18	19771.74282755141	22677.151642777342	63.0625	19716	23280
point	45	10	1	18	9113.717037904564	11036.724704940081	504.5	9463	11616
point	44	11	1	18	7572.945286010127	19135.642326460435	448.0	7631	19221
point	43	11	0	18	11827.67752887484	29498.90337183312	672.0	11965	29682
point	42	11	3	18	15335.520252086522	14973.115111943796	126.125	15327	14913
point	41	11	0	18	11724.861636228652	16766.401023139937	448.0	11717	16768
point	69	6	0	18	9208.337822579317	11193.650432529084	672.0	9463	11616
point	37	12	2	18	14125.611134584908	12647.372549977015	252.25	13699	12501
point	49	10	2	18	10126.96000760111	7992.666843429015	252.25	10192	8061
point	35	12	2	18	9784.626614758829	14641.168819678438	252.25	9786	14643
point	39	12	3	18	6672.2882354381645	15644.347987737401	126.125	6679	15650
point	33	13	0	18	9605.016023181623	14167.334740557679	1009.0	9160	14804
point	32	13	0	18	14262.593847841414	11429.291493464258	298.0	14349	11498
point	31	13	0	18	13101.647412795817	14250.955184560804	448.0	13183	14204
point	30	13	0	18	15502.592292446254	29342.179132649442	298.0	15497	29277
point	29	14	1	18	12507.339132614428	19894.746091751742	504.5	12517	19916
point	28	14	3	18	8599.839720288945	19644.550489824138	126.125	8598	19582
point	27	14	1	18	12301.742615046773	6988.898670516789	298.0	12303	7070
point	38	12	3	18	12750.813652856163	9747.095257275767	126.12500000000001	12993	9866
point	25	14	0	18	11748.858177004897	13482.363847500284	298.0	11691	13479
point	64	7	2	18	12174.978905013944	22079.725279275728	252.25	12191	22043
point	23	15	1	18	13365.957992599886	12565.491249554136	504.5	13220	12936
point	22	15	2	18	8346.086090853414	19599.82787192998	252.25000000000003	8405	19607
point	21	15	0	18	18909.267064834065	10482.318515363057	132.0	19018	10441
point	20	15	0	18	11616.834849911338	23393.19599730437	672.0	11666	23276
point	19	16	1	18	10134.794361930097	13648.34175181207	504.49999999999994	10544	13292
point	18	16	0	18	13470.911103945658	18906.54133666527	132.0	13571	18860
point	17	16	0	18	15382.769961771482	14046.97773823595	672.0	15972	14104
point	16	16	1	18	13482.424010263074	8250.18127569179	448.0	13673	8261
point	15	16	0	18	18899.00075583867	17524.533436125304	132.0	18878	17644
point	14	17	0	18	9786.0106614231	5125.72783667378	198.0	9828	4971
point	13	17	2	18	11073.83041365007	11363.399735034363	252.24999999999997	11047	11395
point	12	17	2	18	13132.219807500967	24091.98246301834	252.25	12793	23741
point	79	4	2	18	11164.793786209531	16898.95763506175	252.25	11194	16891
disappearpoint	10	16	2	18	18495.0	10639.0	0.0	18495	10639
point	9	18	0	18	8660.870141349547	17196.82977025894	1009.0	8652	17274
point	8	18	0	18	12477.877425759969	12691.906306484456	672.0	13072	12900
point	7	18	0	18	5414.197751437513	17820.94024627113	672.0	5368	17826
point	6	18	2	18	8343.185433561703	15157.016614924789	252.25	8370	14998
point	74	5	0	18	11810.639700565009	18861.106778752048	448.0	11974	18944
disappearpoint	4	18	1	18	8948.0	16975.0	0.0	8948	16975
point	3	19	0	18	18094.677272830693	24442.14914418487	132.0	18213	24337
point	2	19	0	18	11995.97618358512	17934.67812818408	448.0	11836	17634
point	1	19	1	18	12860.550821643375	8219.913547372524	448.0	12729	8219
point	78	4	2	18	20831.03623873894	16601.51703712467	132.0	20855	16761
newpoint	90	1	0	18	6206.0	16057.0	298.0	6588	16045
newpoint	91	1	2	18	6024.0	17849.0	252.25000000000003	5964	17826
newpoint	92	1	4	18	14361.0	23647.0	63.0625	14398	23668
newpoint	93	1	0	18	10746.0	28041.0	672.0	10714	27981
newpoint	94	1	0	18	10201.0	19847.0	298.0	10198	19543
point	94	2	0	19	10198.05935371133	19549.01450941463	298.0	10198	19543
point	93	2	0	19	10634.556953759	27382.361182761542	672.0	10618	27255
point	92	2	4	19	14415.645507593788	23678.47096055016	63.0625	14489	23722
point	91	2	2	19	5991.12864313459	17639.97501850567	252.25000000000003	5992	17634
point	90	2	0	19	6503.853073290072	16047.64335895424	298.0	6588	16045
point	86	3	3	19	17780.569290495052	11418.11074542925	126.125	17715	11487
point	85	3	1	19	10405.465343652813	12157.593217725622	298.0	10607	11911
point	83	4	0	19	7052.1249776898885	20534.92801168305	672.0	7057	20530
point	82	4	3	19	13841.131441245638	10975.073697531312	126.125	13858	10979
point	81	4	1	19	11908.759329025312	25148.81647543056	448.00000000000006	11640	25144
point	80	4	1	19	11567.491468622693	11804.743076382147	448.0	11627	11915
point	77	5	0	19	11122.772952469973	18300.75545777056	448.0	10965	18126
point	76	5	3	19	11833.79095624703	18459.0040529211	87.99999999999999	11895	18461
point	75	5	0	19	3760.6255164035056	18524.557560364738	298.0	3814	18354
point	73	6	2	19	13109.98592304231	13186.941200333245	252.25	13099	13212
point	72	6	0	19	8805.437875225363	19717.63386838695	672.0	8843	19730
point	71	6	0	19	12374.656900606982	21634.814861058418	672.0	12407	21558
point	70	6	0	19	14953.051788650942	28929.038636923586	298.0	14925	28872
point	68	7	1	19	9379.50940497368	13109.351811927361	298.0	9209	13206
point	67	7	0	19	12092.546470986423	19075.956539242598	672.0	12167	19222
point	66	7	1	19	13139.864527127625	25268.876374416024	298.00000000000006	13222	25435
point	65	7	2	19	12000.86682856465	29729.74555313751	252.25	11965	29682
point	63	8	0	19	12238.603351857659	27049.90949722135	298.0	12298	27041
point	62	8	0	19	11212.197255447682	24335.806302305326	672.0	11250	24249
point	61	8	0	19	20737.837596182882	11318.155042067814	132.0	20124	11478
point	60	8	1	19	8945.576730274408	19724.349586891665	504.5	9079	19717
point	59	9	0	19	10203.66595947533	7458.617413595058	298.0	10196	7699
point	58	9	1	19	11106.970108700982	17708.288442166326	448.0	11047	17737
point	57	9	3	19	14324.716603468507	28097.47073771224	126.125	14501	28012
point	56	9	3	19	14716.860563534741	23012.810424296047	126.12500000000001	14711	22946
point	55	9	0	19	15073.062576781693	19520.259663422392	298.0	15119	19549
point	89	3	2	19	11706.662422084239	21355.16633724109	252.25	11608	21284
point	53	10	1	19	12402.97433510977	15025.011493445747	504.5	12350	15144
point	52	10	1	19	10506.707767232978	14598.423870095414	448.0	10606	14595
point	84	4	1	19	3275.010108613461	16920.32279660564	198.0	3549	17002
point	50	10	1	19	11724.197050854804	17222.05710504214	448.0	11723	17229
point	48	11	3	19	10918.410032228321	28554.326430325644	126.125	10901	28682
point	47	11	4	19	5633.538395493808	17799.15503415812	63.06250000000001	5708	17794
point	46	11	4	19	19765.936475057122	22739.946269752603	63.0625	19716	23280
point	45	11	1	19	9374.22156773772	11468.763638297258	504.5	9463	11616
point	44	12	1	19	7823.762952054879	19506.8479651982	448.0	7855	19553
point	43	12	0	19	12231.151302973747	30036.297875984346	672.0	12276	30096
point	42	12	3	19	15319.652724394395	14848.004869642727	126.12499999999999	15301	14683
point	41	12	0	19	11737.898680043665	17142.58765574674	448.0	11723	17229
point	69	7	0	19	9555.053233599936	11769.299482463051	672.0	9659	11943
point	37	13	2	19	13887.014442157755	12565.508755398318	252.25	13699	12501
point	49	11	2	19	10300.930224756672	8175.326149202824	252.25	10515	8400
point	35	13	2	19	10031.63269755568	14615.44759133333	252.25	10047	14615
point	39	13	3	19	6768.739030473333	15725.617660195803	126.12500000000001	7073	15982
point	33	14	0	19	9068.730606723944	15017.53593898549	1008.9999999999999	8948	15300
point	32	14	0	19	14439.703816737809	11662.221647146349	298.0	14444	11670
point	31	14	0	19	13474.647961974331	14004.229823924483	448.00000000000006	13537	13965
point	30	14	0	19	15477.984927075224	29045.197206250337	298.0	15476	29021
point	29	15	1	19	12924.0866125665	20172.49342130701	504.5	12944	20185
point	28	15	3	19	8587.235618279747	19519.370869991257	126.125	8576	19454
point	27	15	1	19	12306.41515015202	7286.862034653227	298.0	12313	7705
point	38	13	3	19	12864.02952746018	9802.680159566293	126.12500000000001	12993	9866
disappearpoint	25	14	0	19	11496.0	13479.0	0.0	11496	13479
point	64	8	2	19	12279.833870634326	21850.308883550544	252.25	12327	21748
point	23	16	1	19	13116.732754810451	12910.880940359299	504.49999999999994	13072	12900
point	22	16	2	19	8593.375529343602	19648.539219291153	252.25	8600	19650
point	21	16	0	19	19033.409281534412	10438.092588389733	132.0	19071	10431
point	20	16	0	19	11873.73518599104	22772.24217397173	672.0	11906	22694
point	19	17	1	19	10515.257608875901	13317.029259256393	504.49999999999994	10544	13292
point	18	17	0	19	13590.122845467145	18849.914663691987	132.0	13717	18783
point	17	17	0	19	16051.131967389982	14092.130204891502	672.0	16212	14068
point	16	17	1	19	13929.349902321877	8265.400019294444	448.0	13982	8255
point	15	17	0	19	18876.764368100088	17654.630068550705	132.0	18810	18229
point	14	18	0	19	9865.59776229793	4973.425662083738	198.0	9952	4979
point	13	18	2	19	10909.815889388008	11555.048129047324	252.25000000000003	10879	11591
point	12	18	2	19	12956.917378736882	23910.601314688607	252.25	12793	23741
point	79	5	2	19	11380.251370811795	16869.778564864977	252.25000000000003	11567	16891
point	88	3	0	19	2531.954035436292	18167.059870837198	672.0	2531	18109
point	9	19	0	19	8171.898672444795	16881.276911404733	672.0	8124	16842
point	8	19	0	19	13113.284783951005	12910.04224474484	672.0	13220	12936
point	7	19	0	19	4744.260108011348	17793.985549554924	672.0	4744	17794
point	6	19	2	19	8300.07923656761	14939.776507141825	252.24999999999997	7838	14555
point	74	6	0	19	12170.652381031068	19229.197339090635	672.0	12201	19289
point	87	3	1	19	11962.995397588653	4482.349288180095	298.0	12141	4446
point	3	20	0	19	18193.346321975518	24354.465515491393	132.0	18213	24337
point	2	20	0	19	11782.003414079363	17541.146057856102	448.0	11729	17450
point	1	20	1	19	12413.859942180648	8190.280339558335	448.0	12323	8182
point	78	5	2	19	20850.650251014686	16732.051670546025	132.0	20855	16761
newpoint	95	1	0	19	10338.0	15046.0	298.0	10260	15002
newpoint	96	1	2	19	8174.0	16883.0	252.25	8259	16953
newpoint	97	1	0	19	7338.0	14505.0	298.0	7550	14378
newpoint	98	1	0	19	10966.0	23917.0	298.0	10971	23949
newpoint	99	1	1	19	11672.0	20242.0	298.0	11648	20118
point	99	2	1	20	11818.106529003402	20094.67110459382	298.0	11823	20094
point	98	2	0	20	11083.320388088427	24101.306942246574	298.0	11279	24184
point	97	2	0	20	7600.809470334966	14380.490660310537	298.0	7652	14383
point	96	2	2	20	8369.082363732077	17042.91460243765	252.25	8652	17274
point	95	2	0	20	10122.487975248347	15049.836486867733	298.0	10080	15189
point	93	3	0	20	10547.163502685677	26716.068270432923	672.0	10544	26692
point	92	3	4	20	14469.87827131436	23710.653040120607	63.0625	14489	23722
point	91	3	2	20	6027.937481900539	17390.425123076333	252.25	6043	17288
point	90	3	0	20	6801.726387034297	16038.965372601384	298.0	7013	16033
point	86	4	3	20	17727.53234865287	11515.37512902536	126.125	17768	11607
point	85	4	1	20	10594.044943354053	11926.851512400122	298.0	10607	11911
point	83	5	0	20	7527.83410229958	20071.925887260848	672.0	7611	19958
point	82	5	3	20	13859.754699639981	10870.208622321188	126.125	13868	10359
point	81	5	1	20	11460.96074855612	25136.470311855162	448.0	11426	25135
point	80	5	1	20	11779.254880461933	12199.533817606283	448.0	11929	12479
point	77	6	0	20	10961.069390605628	17926.94456912381	448.0	10974	17897
point	76	6	3	20	11921.70407813953	18462.704515625926	88.00000000000001	11942	18464
point	75	6	0	20	3841.090781778038	18237.83105440943	298.0	3873	18101
point	73	7	2	20	12993.34690152401	13410.52558020085	252.25	12975	13445
point	72	7	0	20	8582.547225558254	18817.65315610574	1009.0	8548	18096
point	71	7	0	20	12603.0	21006.32798402917	672.0	12603	20869
point	70	7	0	20	14821.287142927815	28661.752167295843	298.0	14778	28574
point	68	8	1	20	9121.05467127685	13257.676769977485	298.0	8838	13424
point	67	8	0	20	12398.307958184756	19674.330795167665	672.0	12458	19813
point	66	8	1	20	13272.04683226115	25535.9565409406	298.0	13280	25552
point	65	8	2	20	11849.479934480116	29527.973245973488	252.25	11449	28994
point	63	9	0	20	12368.869501828798	26867.70674481117	298.0	12418	26860
point	62	9	0	20	11479.837160779047	23719.409774572505	672.0	11494	23686
point	61	9	0	20	20610.09756165299	11351.418889985664	132.0	20124	11478
point	60	9	1	20	9449.759281097731	19713.96328988881	504.5	9456	19714
point	59	10	0	20	10193.597358042114	7756.444984993097	298.0	10185	7962
point	58	10	1	20	10779.952819428074	17915.510581883205	504.5	10751	17914
point	57	10	3	20	14438.205657738627	28042.445741702482	126.125	14501	28012
point	56	10	3	20	14705.57156789841	22887.191985566114	126.12500000000001	14657	22361
disappearpoint	55	9	0	20	15119.0	19549.0	0.0	15119	19549
point	89	4	2	20	11487.71757200068	21235.810667432543	252.25	10938	21111
point	53	11	1	20	12200.41054261154	15486.97364347115	504.5	12104	15728
point	52	11	1	20	10954.420511081833	14582.519316297272	448.0	11090	14578
point	84	5	1	20	3464.758496108028	16976.88735656337	198.0	3549	17002
point	50	11	1	20	11519.123043013356	17510.77024766026	448.0	11306	17613
point	48	12	3	20	10901.368879281332	28679.294885270232	126.125	10901	28682
point	47	12	4	20	5696.450310472799	17794.799593890344	63.06250000000001	5708	17794
point	46	12	4	20	19760.130122562834	22802.74089672786	63.0625	19716	23280
point	45	12	1	20	9634.00663599071	11901.234773300268	504.49999999999994	9659	11943
point	44	13	1	20	8290.16526646073	19593.02011939522	504.50000000000006	8405	19607
point	43	13	0	20	12648.982602660384	30562.567319955626	672.0	12880	30851
point	42	13	3	20	15305.48534956599	14722.67809231453	126.12499999999999	15301	14683
point	41	13	0	20	11798.600320483081	17569.686532419502	448.0	11836	17634
point	69	8	0	20	9900.593175943757	12345.655293239593	672.0	9935	12403
point	37	14	2	20	13648.41880737962	12483.64187854725	252.25	13428	12408
point	49	12	2	20	10474.93609354933	8357.951503756107	252.25	10515	8400
point	35	14	2	20	10283.709294769726	14606.113472594147	252.25	10606	14595
point	39	14	3	20	6865.18805865091	15806.889430132238	126.12500000000001	7073	15982
point	33	15	0	20	8825.32055313188	15991.010761951049	1009.0	8752	16404
point	32	15	0	20	14695.699144613902	11709.224364931057	298.0	14698	11712
point	31	15	0	20	13792.341277149433	13693.201873544114	448.0	13876	13594
point	30	15	0	20	15453.094565407226	28748.23855040787	298.0	15428	28448
point	29	16	1	20	13259.878489485132	20529.44810756587	504.49999999999994	13266	20534
point	28	16	3	20	8576.0	19394.2044034463	126.125	8576	19331
point	27	16	1	20	12311.107481723639	7584.825089451002	298.0	12313	7705
point	38	14	3	20	12977.245402064196	9858.26506185682	126.12500000000001	12993	9866
point	94	3	0	20	9556.788406182752	19689.539349922623	672.0	9555	19690
point	64	9	2	20	12381.169779428155	21619.346773858128	252.25	12407	21558
point	23	17	1	20	12639.31021035307	12748.44875388001	504.50000000000006	12284	12624
point	22	17	2	20	8833.156101454028	19726.759210355234	252.25	8843	19730
point	21	17	0	20	19150.22403163941	10476.179225311527	132.0	19205	10520
point	20	17	0	20	12141.701664769873	22156.006953065986	672.0	12191	22043
point	19	18	1	20	10251.7925089344	12930.987514890669	504.5	9989	12493
point	18	18	0	20	13706.879967345289	18788.33727749598	132.0	13717	18783
point	17	18	0	20	16393.999563178	13592.400961008398	672.0	16431	13511
point	16	18	1	20	14063.805685944246	8689.366496419883	504.5	14065	8701
point	15	18	0	20	18861.52339766761	17785.74724065366	132.0	18810	18229
disappearpoint	14	18	0	20	10054.0	4973.0	0.0	10054	4973
point	13	19	2	20	10746.297752144574	11747.12029159462	252.25	10607	11911
point	12	19	2	20	12790.574567899832	23757.201886429117	252.25	12768	23908
point	79	6	2	20	11613.205740516207	16846.28476724238	252.25	11629	16831
point	88	4	0	20	3033.868112746489	17834.130547564615	672.0	3076	17817
point	9	20	0	20	7650.59516663072	16457.221478787636	672.0	7589	16407
point	8	20	0	20	13426.050234018352	12412.949405953415	672.0	13428	12408
point	7	20	0	20	4094.824628197944	17951.920275983728	672.0	3892	17932
point	6	20	2	20	8106.23569966051	14778.361682236102	252.24999999999997	7838	14555
point	74	7	0	20	12470.783579892146	19816.935127468303	672.0	12492	19861
point	87	4	1	20	12240.251458810371	4504.882453295767	448.0	12475	4352
point	3	21	0	20	18292.21682207908	24267.009233504425	132.0	18462	24117
point	2	21	0	20	11743.508223190924	17110.05230549264	448.0	11748	17084
point	1	21	1	20	12318.026009980367	7944.740676063519	298.0	12313	7705
point	78	6	2	20	20864.150421512797	16863.318349643112	132.0	20899	17253
newpoint	100	1	0	20	11866.0	13091.0	298.0	12203	12993
newpoint	101	1	1	20	4686.0	22606.0	132.0	4999	22496
newpoint	102	1	1	20	6217.0	15557.0	198.0	6256	15391
newpoint	103	1	2	20	8795.0	20219.0	252.25	8902	20123
newpoint	104	1	1	20	16200.0	9594.0	298.0	16132	9350
